15
0 3 2 14 0 3 7 6 11 4 6 11 3 5 3 
8 0 6 14 2 7 2 2 8 10 13 9 12 9 4 
6 2 0 9 0 5 14 5 7 14 3 6 0 6 1 
6 9 7 0 6 5 9 9 10 9 0 12 11 3 4 
9 10 14 5 0 2 7 8 10 14 14 0 0 14 12 
4 2 14 6 9 0 14 3 0 7 11 14 14 7 5 
8 3 1 10 0 7 0 1 8 11 12 7 11 8 7 
6 5 5 13 6 6 14 0 4 12 0 3 6 3 12 
6 7 3 14 0 0 5 8 0 14 13 2 1 0 5 
12 13 1 3 2 3 3 13 8 0 3 3 0 11 11 
12 5 4 7 13 3 8 0 14 5 0 7 10 7 7 
10 0 0 0 11 12 10 0 12 14 11 0 11 14 0 
10 0 7 4 1 11 7 8 10 0 8 3 0 11 14 
5 10 12 8 9 5 10 8 10 10 10 0 0 0 3 
8 3 4 5 11 1 9 3 10 12 14 10 4 14 0 
